1 7 0 7 2 0 5 0 0
2 6 0 3 0 0 0 0 0
3 5 0 2 0 0 2 0 0
4 5 0 16 0 0 3 0 0
5 5 0 0 0 0 0 0 0
6 5 0 0 0 0 1 0 1
7 5 0 6 0 0 6 0 0
8 5 0 4 2 0 0 0 0
9 5 0 4 0 0 2 0 0
10 4 0 1 0 0 0 0 0
11 4 0 2 1 0 0 0 0
12 4 0 0 0 0 0 0 0
13 4 0 0 0 0 1 0 0
14 4 0 0 0 0 0 0 0
15 4 0 1 0 0 0 0 0
16 4 0 5 0 0 0 0 0
17 4 0 0 0 0 0 0 0
18 4 0 0 0 0 0 0 0
19 4 0 2 0 0 1 0 0
20 4 0 0 0 0 1 0 0
21 4 0 1 0 0 1 0 0
22 4 0 0 0 0 3 0 0
23 4 0 8 0 0 0 0 0
24 4 0 2 1 0 0 0 0
25 4 0 3 0 0 1 0 0
26 4 0 0 0 0 4 0 0
27 4 0 0 0 0 0 0 0
28 4 0 3 0 1 4 0 0
29 4 0 0 0 0 3 0 0
30 4 0 1 0 0 2 0 0
31 4 0 0 0 0 1 0 0
32 4 0 3 0 0 0 0 0
33 4 0 1 0 0 1 0 0
34 4 0 2 0 0 1 0 0
35 4 0 3 0 0 0 0 0
36 4 0 0 0 0 4 0 0
37 4 0 1 1 0 1 0 0
38 4 0 1 1 0 2 1 1
39 4 0 2 0 0 8 0 1
40 4 0 2 0 0 2 0 0
41 4 0 3 2 0 0 0 0
42 4 0 1 0 0 0 0 0
43 4 0 1 0 0 2 0 0
44 4 0 2 0 0 1 0 0
45 4 0 2 0 0 2 0 0
46 4 0 2 0 0 4 0 0
47 4 0 1 0 0 2 0 0
48 4 0 1 2 0 2 0 0
49 4 0 5 0 0 3 0 0
50 4 0 2 0 0 4 0 0
51 4 0 3 1 0 2 0 1
52 4 0 5 0 0 1 0 0
53 4 0 4 0 3 3 0 0
54 4 0 8 0 1 5 0 0
55 3 0 3 0 0 3 0 0
56 3 0 3 0 0 5 0 1
57 3 0 1 0 0 2 0 0
58 3 0 1 0 0 5 0 0
59 3 0 1 0 0 0 0 0
60 3 0 1 0 0 2 0 0
61 3 0 0 0 0 3 0 0
62 3 0 2 0 0 5 0 1
63 3 0 0 0 0 6 0 0
64 3 0 2 0 0 6 0 0
65 3 0 0 1 0 5 0 0
66 3 0 2 0 0 0 0 0
67 3 0 1 1 0 4 0 0
68 3 0 6 0 0 4 0 1
69 3 0 1 0 0 4 0 0
70 3 0 3 0 0 2 0 0
71 3 0 1 1 0 5 0 0
72 3 0 2 0 0 2 0 0
73 3 0 2 0 0 2 0 0
74 3 0 2 0 0 5 0 0
75 3 0 3 0 0 0 0 0
76 3 0 3 0 0 2 0 1
77 3 0 4 0 0 0 0 0
78 3 0 3 1 1 1 0 0
79 3 0 1 0 0 0 0 0
80 3 0 1 1 0 6 0 0
81 3 0 2 0 0 3 0 0
82 3 0 5 0 0 4 0 0
83 3 0 7 0 0 0 0 0
84 3 0 4 0 0 3 0 0
85 3 0 1 0 0 3 0 0
86 3 0 0 0 0 3 0 0
87 3 0 1 0 0 1 0 0
88 3 0 4 0 0 4 0 0
89 3 0 3 2 0 3 0 0
90 3 0 7 0 0 0 0 0
91 3 0 10 0 0 5 0 0
92 3 0 5 0 0 3 0 0
93 3 0 11 0 0 5 0 0
94 2 0 2 0 0 0 0 0
95 2 0 8 0 0 1 0 0
96 2 0 3 0 0 0 0 0
97 2 0 1 0 0 3 0 0
98 2 0 1 1 0 0 0 0
99 2 0 4 0 0 4 0 0
100 2 0 5 0 1 0 0 0
101 2 0 3 0 0 2 0 0
102 2 0 2 0 1 3 0 0
103 2 0 5 0 0 4 0 0
104 2 0 4 4 0 7 0 0
105 2 0 9 0 0 4 0 0
106 2 0 9 1 0 1 0 0
107 2 0 1 0 0 3 0 0
108 2 0 5 0 0 3 0 0
109 2 0 5 0 0 2 0 0
110 2 0 5 0 0 1 0 0
111 2 0 6 0 0 5 0 0
112 2 0 12 0 0 1 0 0
113 2 0 10 0 0 2 0 0
114 1 0 5 1 0 1 0 0
115 1 0 5 0 0 1 0 0
116 1 0 1 0 0 2 0 0
117 1 0 1 0 0 4 0 0
118 1 0 1 0 0 2 0 0
119 1 0 3 0 0 1 0 0
120 1 0 6 0 0 4 0 0
121 0 0 1 0 0 6 0 0
122 0 0 11 0 0 3 0 0
