1 10 0 4 0 0 1 1 0
2 10 0 12 0 0 9 0 0
3 9 0 3 0 0 0 0 0
4 9 0 2 0 0 4 0 0
5 8 0 8 0 0 1 0 0
6 8 0 1 0 0 1 0 0
7 8 0 2 0 0 1 1 0
8 8 0 2 0 0 1 0 0
9 8 0 5 0 0 1 0 0
10 8 0 2 0 0 5 0 0
11 8 0 6 0 0 1 0 0
12 8 0 4 0 0 1 0 0
13 8 0 6 2 0 3 0 0
14 7 0 2 0 0 8 0 0
15 7 0 0 0 0 2 0 0
16 7 0 3 0 0 1 0 0
17 7 0 1 0 0 3 0 0
18 7 0 3 0 0 0 0 0
19 7 0 4 0 0 2 0 0
20 7 0 4 0 0 0 0 0
21 7 0 8 0 0 1 0 0
22 7 0 8 5 1 4 0 0
23 6 0 2 0 0 3 0 0
24 6 0 6 0 0 1 0 0
25 6 0 3 0 0 4 0 0
26 6 0 2 0 0 0 0 0
27 6 0 6 0 0 0 0 0
28 6 0 3 0 0 0 0 0
29 6 0 4 1 0 0 0 0
30 6 0 2 0 0 0 0 0
31 6 0 7 0 0 3 0 0
32 6 0 2 1 0 2 0 0
33 6 0 9 0 0 0 0 0
34 6 0 8 1 0 1 0 0
35 6 0 2 0 0 6 0 0
36 6 0 5 0 0 1 0 0
37 6 0 9 0 0 0 0 0
38 5 0 2 1 0 2 0 0
39 5 0 5 1 0 0 0 0
40 5 0 5 0 1 1 0 0
41 5 0 7 1 0 0 0 0
42 5 0 7 0 2 0 0 0
43 5 0 5 0 0 5 0 0
44 5 0 3 0 0 1 0 0
45 5 0 2 1 0 0 0 0
46 5 0 3 0 0 2 0 0
47 5 0 8 0 0 0 0 0
48 5 0 7 3 0 1 0 0
49 5 0 5 0 0 1 0 0
50 5 0 6 0 0 2 0 0
51 5 0 4 0 0 6 0 0
52 5 0 9 1 1 5 0 0
53 5 0 15 0 0 1 0 0
54 5 0 9 0 0 0 0 0
55 4 0 4 0 0 1 0 0
56 4 0 15 1 0 2 0 0
57 4 0 6 0 0 5 0 0
58 4 0 8 2 0 3 0 0
59 4 0 3 0 0 8 0 0
60 4 0 1 0 0 0 0 0
61 4 0 12 4 0 0 0 0
62 4 0 4 0 0 3 0 0
63 4 0 7 1 0 0 0 0
64 4 0 3 0 1 4 0 0
65 4 0 9 1 0 2 0 0
66 4 0 12 0 0 2 0 0
67 3 0 4 0 0 1 0 0
68 3 0 2 0 0 0 0 0
69 3 0 2 0 0 0 0 0
70 3 0 5 0 0 4 0 0
71 3 0 1 1 0 1 0 0
72 3 0 11 0 0 0 0 0
73 3 0 7 0 0 3 0 0
74 3 0 5 0 0 0 0 0
75 3 0 5 0 0 1 0 0
76 3 0 3 1 0 0 0 0
77 3 0 13 0 0 1 0 0
78 3 0 9 0 3 6 0 0
79 3 0 12 0 0 0 0 0
80 3 0 4 1 0 0 0 0
81 3 0 5 0 0 1 0 0
82 2 0 12 5 0 1 0 0
83 2 0 2 0 0 1 0 0
84 2 0 4 0 0 3 0 0
85 2 0 5 0 0 2 0 0
86 2 0 2 0 0 2 0 0
87 2 0 9 1 0 0 0 0
88 2 0 3 0 0 2 0 0
89 2 0 6 0 0 0 0 0
90 2 0 2 0 0 5 0 0
91 2 0 14 0 0 4 0 0
92 2 0 13 2 0 1 0 0
93 2 0 1 0 0 0 0 0
94 2 0 7 0 0 0 0 0
95 2 0 5 0 0 1 0 0
96 2 0 1 0 0 1 0 0
97 2 0 3 3 0 2 0 0
98 2 0 2 0 0 1 0 0
99 2 0 3 2 0 3 0 0
100 2 0 7 1 0 1 0 0
101 1 0 0 0 0 5 0 0
102 1 0 9 1 0 2 0 0
103 1 0 2 2 0 2 0 0
104 1 0 3 3 0 6 0 0
105 1 0 0 0 0 1 0 0
106 1 0 6 0 0 0 0 0
107 1 0 2 4 0 3 0 0
108 1 0 4 0 0 2 0 0
109 1 0 9 0 0 3 0 0
110 1 0 5 0 0 1 0 0
111 1 0 1 0 0 2 0 0
112 1 0 4 0 0 7 0 0
113 1 0 2 0 0 2 0 0
114 1 0 4 0 0 1 0 0
115 1 0 11 5 0 1 0 0
116 1 0 3 2 0 0 0 0
117 1 0 8 1 0 0 0 0
118 1 0 1 0 0 2 0 0
119 1 0 0 1 0 1 0 0
120 1 0 1 0 0 12 0 0
121 1 0 1 0 0 4 0 0
122 1 0 7 0 1 1 0 0
123 1 0 0 0 0 5 0 0
124 1 0 5 0 0 0 0 0
125 1 0 2 0 0 1 0 0
126 1 0 1 0 0 2 0 3
127 1 0 0 0 0 1 0 0
128 1 0 6 0 0 0 0 0
129 1 0 0 0 0 0 0 3
130 1 0 0 0 0 1 0 0
131 1 0 3 0 1 9 0 0
132 1 0 3 0 0 2 0 0
133 1 0 5 1 0 1 0 0
134 1 0 1 0 0 6 0 0
135 1 0 0 0 0 2 0 0
136 1 0 5 0 0 2 0 0
137 1 0 3 1 0 0 0 0
138 1 0 6 0 2 0 0 0
139 1 0 11 0 0 0 0 0
140 1 0 3 0 2 3 0 0
141 1 0 3 0 2 1 0 0
142 1 0 4 0 1 4 0 0
143 1 0 0 0 0 0 0 0
144 1 0 4 0 0 1 0 0
145 1 0 1 0 0 0 0 0
146 1 0 2 4 0 4 0 0
147 0 0 0 0 1 0 0 0
148 0 0 10 0 0 2 0 0
