1 8 0 8 1 1 0 0 0
2 8 0 8 5 0 1 0 0
3 7 0 5 1 0 11 0 0
4 7 0 7 0 0 4 0 0
5 7 0 8 0 0 8 0 0
6 7 0 3 2 0 13 0 0
7 7 0 7 0 0 11 0 0
8 6 0 4 1 0 2 0 0
9 5 0 10 0 0 1 0 0
10 5 0 5 0 0 0 0 0
11 5 0 8 0 0 0 0 0
12 5 0 13 1 1 0 0 0
13 5 0 5 1 0 0 0 0
14 5 0 6 0 0 0 0 0
15 5 0 5 0 0 1 0 0
16 5 0 1 0 0 0 0 0
17 5 0 8 0 0 0 0 0
18 5 0 4 6 0 1 0 0
19 5 0 7 3 0 9 0 0
20 4 0 10 0 0 1 0 0
21 4 0 2 0 0 0 0 0
22 4 0 2 0 0 0 0 0
23 4 0 6 0 0 2 0 0
24 4 0 3 2 0 1 0 0
25 4 0 1 0 0 1 0 0
26 4 0 3 0 0 0 0 0
27 4 0 6 3 0 0 0 0
28 4 0 1 1 0 4 0 0
29 4 0 2 0 0 1 0 0
30 4 0 4 0 0 0 0 0
31 3 0 5 0 0 0 0 0
32 3 0 16 8 1 3 0 0
33 3 0 1 1 0 2 0 0
34 3 0 1 0 0 0 0 0
35 3 0 8 0 0 0 0 0
36 3 0 5 0 0 1 0 0
37 3 0 3 0 0 2 0 0
38 3 0 6 0 0 0 0 0
39 3 0 4 0 1 0 0 0
40 3 0 6 0 0 0 0 0
41 3 0 3 0 1 1 0 1
42 3 0 2 0 0 0 0 0
43 3 0 3 1 0 1 0 0
44 3 0 1 0 0 0 0 0
45 3 0 5 0 0 2 0 0
46 3 0 13 4 0 6 0 0
47 3 0 6 0 0 1 1 0
48 3 0 5 0 0 0 0 0
49 3 0 4 1 0 0 0 0
50 3 0 0 0 0 0 0 0
51 3 0 1 1 1 1 0 0
52 3 0 3 0 0 0 0 0
53 3 0 3 0 0 1 0 0
54 3 0 3 1 0 0 0 0
55 3 0 1 0 0 0 0 0
56 3 0 5 0 0 0 0 0
57 3 0 3 3 0 0 0 0
58 3 0 8 1 0 0 0 0
59 3 0 1 0 0 0 0 0
60 3 0 5 0 0 1 0 0
61 3 0 4 0 0 2 0 0
62 3 0 7 5 0 4 0 0
63 3 0 8 0 0 1 0 0
64 3 0 3 0 0 7 0 0
65 3 0 8 0 0 0 0 0
66 3 0 2 3 0 1 0 0
67 3 0 6 2 0 0 0 0
68 3 0 3 1 0 1 0 0
69 3 0 3 0 0 0 0 0
70 3 0 3 0 0 0 0 0
71 3 0 3 0 1 0 0 0
72 3 0 10 0 0 0 0 0
73 3 0 6 2 0 0 0 0
74 3 0 9 0 0 1 0 0
75 3 0 3 7 0 0 0 0
76 2 0 8 0 0 0 0 0
77 2 0 2 0 0 0 0 0
78 2 0 6 0 0 1 0 0
79 2 0 3 2 0 1 0 0
80 2 0 4 0 0 0 0 0
81 2 0 2 0 0 4 0 2
82 2 0 5 5 0 0 0 0
83 2 0 4 0 0 0 0 0
84 2 0 2 2 0 2 1 0
85 2 0 2 0 0 1 0 0
86 2 0 2 0 0 1 0 0
87 2 0 7 0 0 7 0 0
88 2 0 8 0 0 0 0 0
89 2 0 1 0 0 3 0 0
90 2 0 0 0 1 1 0 0
91 2 0 2 0 0 0 0 0
92 2 0 3 1 0 0 0 1
93 2 0 11 0 0 0 0 0
94 2 0 0 0 0 0 0 0
95 2 0 4 1 0 1 0 0
96 2 0 4 0 0 0 0 0
97 2 0 0 0 0 1 0 0
98 2 0 7 0 0 0 0 0
99 2 0 0 0 0 1 0 0
100 2 0 4 1 0 0 0 0
101 2 0 5 0 0 0 0 0
102 2 0 1 0 0 0 0 0
103 2 0 0 0 0 1 0 0
104 2 0 1 0 0 2 0 0
105 2 0 2 1 0 0 0 0
106 2 0 5 0 0 0 0 0
107 2 0 8 1 0 0 0 0
108 2 0 7 0 0 2 0 0
109 2 0 3 0 0 2 0 0
110 1 0 1 0 0 0 0 0
111 1 0 4 0 0 0 0 0
112 1 0 2 0 0 0 0 0
113 1 0 0 1 0 4 0 0
114 1 0 0 0 0 1 0 0
115 1 0 0 0 0 0 0 0
116 1 0 4 0 0 0 0 0
117 1 0 2 0 0 0 0 0
118 1 0 6 0 0 0 0 0
119 1 0 1 0 0 0 0 0
120 1 0 2 0 1 2 0 0
121 1 0 0 0 0 2 0 0
122 1 0 2 7 0 0 0 1
123 1 0 0 0 0 2 0 0
124 1 0 0 0 0 0 0 0
125 1 0 0 0 0 1 0 0
126 1 0 2 0 0 6 0 0
127 1 0 0 0 0 1 0 0
128 1 0 3 0 0 0 0 0
129 1 0 0 0 0 1 0 0
130 1 0 0 0 0 1 0 0
131 1 0 0 0 0 0 0 0
132 1 0 0 0 0 2 0 0
133 1 0 1 0 0 0 0 0
134 1 0 0 0 0 0 0 0
135 1 0 0 0 0 1 0 0
136 1 0 4 0 0 0 0 0
137 1 0 0 0 0 2 0 0
138 1 0 0 0 0 1 0 0
139 1 0 2 0 0 1 0 0
140 1 0 2 0 0 0 0 0
141 1 0 1 0 0 0 0 0
142 1 0 1 0 0 2 0 0
143 1 0 0 0 0 4 0 0
144 1 0 1 0 0 3 0 0
145 1 0 1 0 0 2 0 0
146 1 0 1 0 0 0 0 0
147 1 0 2 0 0 4 0 0
148 1 0 3 0 0 2 0 0
149 1 0 1 0 0 1 0 0
150 1 0 1 0 0 3 0 0
151 1 0 3 1 0 1 0 0
152 1 0 1 0 0 4 0 0
153 1 0 2 0 0 0 0 0
154 1 0 2 2 0 0 0 0
155 1 0 1 0 0 3 0 0
156 1 0 1 0 0 4 0 0
157 1 0 0 0 0 2 0 0
158 1 0 1 0 0 4 0 0
159 1 0 1 0 0 0 0 0
160 1 0 7 0 0 0 0 0
161 1 0 3 0 0 1 0 0
162 1 0 1 0 0 7 0 0
163 1 0 1 1 0 7 0 0
164 1 0 5 2 0 1 0 0
165 1 0 1 0 0 1 0 0
166 1 0 2 0 0 1 0 0
167 1 0 5 3 0 3 0 0
168 1 0 1 0 1 3 0 0
169 1 0 2 0 0 1 0 0
170 1 0 0 0 0 2 0 0
171 1 0 5 1 0 0 0 0
172 1 0 3 0 0 0 0 0
173 1 0 2 0 0 2 0 0
174 1 0 1 1 0 1 0 0
175 1 0 2 0 0 0 0 0
176 1 0 4 0 0 0 0 0
177 1 0 1 0 1 2 0 0
178 1 0 5 0 0 1 0 0
179 1 0 6 0 0 1 0 0
180 1 0 5 0 0 2 0 0
181 1 0 4 1 0 0 0 0
182 1 0 7 0 0 0 0 0
183 0 0 8 0 0 0 0 0
184 0 0 7 0 0 4 0 0
185 0 0 5 0 0 0 0 0
186 0 0 5 0 0 0 0 0
187 0 0 0 0 0 0 0 0
188 0 0 12 0 0 0 0 0
189 0 0 10 0 0 4 0 0
190 0 0 6 1 0 1 0 0
