1 10 0 3 1 0 0 0 0
2 9 0 6 1 0 1 0 0
3 8 0 6 5 0 2 1 0
4 8 0 7 1 0 3 0 0
5 7 0 2 0 0 0 0 0
6 7 0 9 0 0 1 0 0
7 7 0 1 0 0 3 0 0
8 7 0 11 1 1 1 0 0
9 6 0 3 7 0 1 0 0
10 6 0 11 0 0 0 0 0
11 6 0 1 2 0 1 0 0
12 6 0 4 0 0 1 0 0
13 6 0 12 1 0 1 0 0
14 6 0 7 1 0 4 0 0
15 6 0 8 0 0 2 0 0
16 6 0 9 2 0 1 0 0
17 5 0 4 1 0 5 0 0
18 5 0 5 2 0 0 0 0
19 5 0 9 0 0 1 0 0
20 5 0 9 0 1 0 0 0
21 5 0 1 0 0 2 0 0
22 5 0 3 1 0 0 0 0
23 5 0 3 7 0 1 0 0
24 5 0 2 1 0 3 0 0
25 5 0 6 0 0 0 0 0
26 5 0 3 0 0 1 0 0
27 5 0 2 1 0 0 0 0
28 5 0 17 0 0 2 0 0
29 5 0 3 0 0 1 0 0
30 5 0 5 0 0 2 0 0
31 5 0 5 1 0 5 0 0
32 5 0 4 0 0 2 0 0
33 5 0 4 0 0 0 0 0
34 5 0 7 0 0 5 0 0
35 5 0 7 1 0 6 0 0
36 5 0 11 0 0 2 0 0
37 5 0 6 1 0 2 0 0
38 5 0 12 1 0 1 0 0
39 5 0 9 4 0 3 0 0
40 4 0 8 1 0 0 0 0
41 4 0 8 2 0 0 0 0
42 4 0 11 2 0 0 0 0
43 4 0 12 2 0 1 0 0
44 4 0 5 0 0 2 0 0
45 4 0 6 1 0 5 0 0
46 4 0 3 1 0 0 0 0
47 4 0 9 1 0 1 0 0
48 4 0 7 3 0 3 0 0
49 4 0 15 2 0 3 0 0
50 4 0 11 0 0 1 0 0
51 3 0 7 0 0 3 0 0
52 3 0 14 2 0 3 0 0
53 3 0 8 1 0 6 0 0
54 3 0 3 0 0 1 0 0
55 3 0 7 0 0 5 0 0
56 3 0 3 0 0 0 0 0
57 3 0 2 0 0 0 0 0
58 3 0 6 0 0 7 0 0
59 3 0 4 0 0 3 0 0
60 3 0 2 0 0 1 0 0
61 3 0 6 3 0 3 0 0
62 3 0 12 0 0 0 0 0
63 3 0 9 0 0 0 0 0
64 3 0 6 1 0 0 0 0
65 3 0 9 1 0 5 0 0
66 2 0 0 1 0 2 2 0
67 2 0 0 1 0 9 0 0
68 2 0 5 0 0 6 0 0
69 2 0 2 0 0 2 0 0
70 2 0 4 0 0 3 0 0
71 2 0 1 0 0 8 0 0
72 2 0 3 0 0 11 0 0
73 2 0 0 2 0 1 0 0
74 2 0 0 0 0 1 0 0
75 2 0 5 2 0 0 0 0
76 2 0 9 0 0 2 0 0
77 2 0 0 0 0 5 0 0
78 2 0 4 0 0 1 0 0
79 2 0 1 0 0 2 0 0
80 2 0 7 0 1 0 0 0
81 2 0 0 0 0 1 0 0
82 2 0 9 0 0 2 2 0
83 2 0 3 0 0 0 0 0
84 2 0 4 0 1 1 0 0
85 2 0 2 0 0 3 0 0
86 2 0 7 4 0 3 0 0
87 2 0 9 1 1 1 0 0
88 2 0 3 0 0 0 0 0
89 2 0 4 1 0 2 0 0
90 2 0 4 0 0 2 0 0
91 2 0 8 0 0 0 0 0
92 2 0 0 0 0 0 0 0
93 2 0 9 0 0 5 0 0
94 2 0 3 0 0 0 0 0
95 2 0 1 0 0 0 0 0
96 2 0 4 0 0 2 0 0
97 2 0 5 0 0 0 0 0
98 2 0 4 2 0 5 0 0
99 2 0 1 0 0 0 0 0
100 2 0 4 0 0 2 0 0
101 2 0 5 0 0 5 0 0
102 2 0 2 1 0 1 0 0
103 2 0 8 1 0 2 0 0
104 2 0 3 0 0 0 0 0
105 2 0 5 2 0 3 0 0
106 2 0 7 1 0 2 1 0
107 2 0 5 1 0 1 0 0
108 2 0 5 0 0 2 0 0
109 2 0 5 0 0 2 0 0
110 2 0 10 0 0 1 0 0
111 2 0 15 0 0 1 0 0
112 1 0 7 0 0 1 0 0
113 1 0 12 0 0 0 0 0
114 1 0 7 3 0 1 0 0
115 1 0 3 0 0 3 0 0
116 1 0 5 0 0 0 0 0
117 1 0 5 0 0 0 0 0
118 1 0 2 0 0 0 0 0
119 1 0 4 0 0 2 0 0
120 1 0 0 0 0 0 0 0
121 1 0 3 0 0 0 0 0
122 1 0 5 0 0 4 0 0
123 1 0 3 0 0 0 0 0
124 1 0 2 0 0 0 0 0
125 0 0 0 0 1 0 0 0
