1 6 0 4 0 1 0 0 1
2 6 0 12 0 0 17 0 0
3 6 0 6 1 0 1 0 0
4 6 0 12 2 0 3 0 0
5 5 0 13 0 0 1 0 0
6 5 0 6 1 0 1 0 0
7 5 0 4 3 0 0 0 0
8 5 0 8 2 1 4 0 0
9 5 0 9 0 0 4 0 0
10 5 0 10 0 0 2 0 0
11 4 0 11 1 0 3 0 0
12 4 0 3 4 0 0 0 0
13 4 0 0 0 0 1 0 0
14 4 0 4 0 0 0 0 0
15 4 0 9 1 0 0 0 0
16 4 0 2 0 0 2 0 0
17 4 0 5 1 0 3 0 0
18 4 0 6 0 0 2 0 0
19 4 0 3 0 0 0 0 0
20 3 0 4 0 0 3 0 0
21 3 0 0 0 0 1 0 0
22 3 0 6 0 0 0 0 0
23 3 0 5 0 0 0 0 0
24 3 0 7 0 0 0 0 0
25 3 0 7 0 0 1 0 0
26 3 0 8 0 0 0 0 0
27 3 0 5 0 0 0 0 0
28 3 0 5 0 0 0 0 0
29 3 0 3 0 0 1 0 0
30 3 0 5 0 0 1 0 0
31 3 0 0 0 0 0 0 0
32 3 0 3 0 0 1 0 0
33 3 0 9 1 0 1 0 0
34 3 0 5 0 0 0 0 0
35 3 0 3 0 0 1 0 0
36 3 0 3 0 0 0 0 0
37 3 0 9 0 0 0 0 0
38 3 0 3 0 0 2 0 0
39 3 0 1 2 2 9 0 0
40 3 0 8 11 0 3 0 1
41 3 0 5 3 1 3 0 0
42 3 0 5 0 0 0 0 0
43 3 0 1 1 0 0 0 0
44 3 0 4 0 0 0 0 0
45 3 0 10 2 1 1 0 0
46 3 0 1 1 0 0 0 0
47 3 0 1 0 2 0 0 0
48 3 0 6 0 0 2 0 0
49 2 0 3 0 0 0 0 0
50 2 0 3 4 0 0 0 0
51 2 0 0 1 0 1 0 0
52 2 0 7 0 0 1 0 0
53 2 0 0 0 0 0 0 0
54 2 0 1 0 0 0 0 0
55 2 0 4 0 0 5 0 0
56 2 0 1 0 0 3 0 0
57 2 0 4 0 0 4 0 0
58 2 0 5 0 0 0 0 0
59 2 0 6 0 0 4 0 0
60 2 0 8 0 0 4 0 0
61 2 0 9 0 1 0 0 0
62 2 0 5 0 0 0 0 0
63 2 0 5 0 0 0 0 0
64 2 0 4 0 0 0 0 0
65 2 0 1 0 0 2 0 0
66 2 0 5 0 0 0 0 0
67 2 0 4 0 0 3 0 0
68 2 0 1 0 1 0 0 0
69 2 0 0 0 0 0 0 0
70 2 0 0 0 1 2 0 0
71 2 0 1 0 0 0 0 0
72 2 0 9 0 0 3 0 0
73 2 0 9 0 0 1 0 0
74 2 0 2 0 0 2 0 0
75 2 0 4 1 0 0 0 0
76 2 0 2 0 0 0 0 0
77 2 0 0 0 0 2 0 0
78 2 0 7 0 2 2 0 0
79 2 0 0 2 0 1 0 0
80 2 0 2 0 0 2 0 0
81 2 0 0 0 0 0 0 0
82 2 0 4 0 0 0 0 0
83 2 0 5 0 0 1 0 0
84 2 0 1 0 0 2 0 0
85 2 0 5 0 0 3 0 0
86 2 0 7 0 0 5 0 0
87 1 0 1 0 0 0 0 0
88 1 0 5 13 0 0 0 0
89 1 0 1 8 0 0 0 0
90 1 0 3 1 4 1 0 0
91 1 0 0 0 0 0 0 0
92 1 0 4 0 3 0 0 0
93 1 0 0 0 0 6 0 0
94 1 0 5 2 0 7 0 0
95 1 0 0 0 0 0 0 0
96 1 0 3 2 0 0 0 0
97 1 0 0 2 0 0 0 0
98 1 0 0 0 0 0 0 0
99 1 0 1 0 0 0 0 0
100 1 0 1 0 0 0 0 0
101 1 0 1 0 0 0 0 0
102 1 0 5 0 0 0 0 0
103 1 0 6 2 0 0 0 0
104 1 0 1 0 0 0 0 0
105 1 0 0 0 1 8 0 0
106 1 0 1 0 0 0 0 0
107 1 0 5 3 0 2 0 1
108 1 0 3 0 0 0 0 0
109 1 0 3 1 0 0 0 0
110 1 0 14 0 0 0 0 0
